1   7   1000   50   5   1
2   7   1000   50   5   1
3   7   1000   50   5   1
4   7   1000   50   5   1
5   7   1000   50   5   1
6   7   1000   50   5   1
7   7   1000   50   5   1
8   7   1000   50   5   1
9   7   1000   50   5   1
10   7   1000   50   5   1
11   7   1000   50   5   1
12   7   1000   50   5   1
13   7   1000   50   5   1
14   7   1000   50   5   1
15   7   1000   50   5   1
16   7   1000   50   5   1
17   7   1000   50   5   1
18   7   1000   50   5   1
19   7   1000   50   5   1
20   7   1000   50   5   1
21   7   1000   50   5   1
22   7   1000   50   5   1
23   7   1000   50   5   1
24   7   1000   50   5   1
25   7   1000   50   5   1
26   7   1000   50   5   1
27   7   1000   50   5   1
28   7   1000   50   5   1
29   7   1000   50   5   1
30   7   1000   50   5   1
31   7   1000   50   5   1
32   7   1000   50   5   1
33   7   1000   50   5   1
34   7   1000   50   5   1
35   7   1000   50   5   1
36   7   1000   50   5   1
37   7   1000   50   5   1
38   7   1000   50   5   1
39   7   1000   50   5   1
40   7   1000   50   5   1
41   7   1000   50   5   1
42   7   1000   50   5   1
43   7   1000   50   5   1
44   7   1000   50   5   1
45   7   1000   50   5   1
46   7   1000   50   5   1
47   7   1000   50   5   1
48   7   1000   50   5   1
49   7   1000   50   5   1
50   7   1000   50   5   1
51   7   1000   50   5   1
52   7   1000   50   5   1
53   7   1000   50   5   1
54   7   1000   50   5   1
55   7   1000   50   5   1
56   7   1000   50   5   1
57   7   1000   50   5   1
58   7   1000   50   5   1
59   7   1000   50   5   1
60   7   1000   50   5   1
61   7   1000   50   5   1
62   7   1000   50   5   1
63   7   1000   50   5   1
64   7   1000   50   5   1
65   7   1000   50   5   1
66   7   1000   50   5   1
67   7   1000   50   5   1
68   7   1000   50   5   1
69   7   1000   50   5   1
70   7   1000   50   5   1
71   7   1000   50   5   1
72   7   1000   50   5   1
73   7   1000   50   5   1
74   7   1000   50   5   1
75   7   1000   50   5   1
76   7   1000   50   5   1
77   7   1000   50   5   1
78   7   1000   50   5   1
79   7   1000   50   5   1
80   7   1000   50   5   1
81   7   1000   50   5   1
82   7   1000   50   5   1
83   7   1000   50   5   1
84   7   1000   50   5   1
85   7   1000   50   5   1
86   7   1000   50   5   1
87   7   1000   50   5   1
88   7   1000   50   5   1
89   7   1000   50   5   1
90   7   1000   50   5   1
91   7   1000   50   5   1
92   7   1000   50   5   1
93   7   1000   50   5   1
94   7   1000   50   5   1
95   7   1000   50   5   1
96   7   1000   50   5   1
97   7   1000   50   5   1
98   7   1000   50   5   1
99   7   1000   50   5   1
100   7   1000   50   5   1
